start=8079.738000
volume=101.000000
